0    15.000000    16.445312
1    16.445312    17.890625
2    17.890625    19.335938
3    19.335938    20.781250
4    20.781250    22.226562
5    22.226562    23.671875
6    23.671875    25.117188
7    25.117188    26.562500
8    26.562500    28.007812
9    28.007812    29.453125
10    29.453125    30.898438
11    30.898438    32.343750
12    32.343750    33.789062
13    33.789062    35.234375
14    35.234375    36.679688
15    36.679688    38.125000
16    38.125000    39.570312
17    39.570312    41.015625
18    41.015625    42.460938
19    42.460938    43.906250
20    43.906250    45.351562
21    45.351562    46.796875
22    46.796875    48.242188
23    48.242188    49.687500
24    49.687500    51.132812
25    51.132812    52.578125
26    52.578125    54.023438
27    54.023438    55.468750
28    55.468750    56.914062
29    56.914062    58.359375
30    58.359375    59.804688
31    59.804688    61.250000
32    61.250000    62.695312
33    62.695312    64.140625
34    64.140625    65.585938
35    65.585938    67.031250
36    67.031250    68.476562
37    68.476562    69.921875
38    69.921875    71.367188
39    71.367188    72.812500
40    72.812500    74.257812
41    74.257812    75.703125
42    75.703125    77.148438
43    77.148438    78.593750
44    78.593750    80.039062
45    80.039062    81.484375
46    81.484375    82.929688
47    82.929688    84.375000
48    84.375000    85.820312
49    85.820312    87.265625
50    87.265625    88.710938
51    88.710938    90.156250
52    90.156250    91.601562
53    91.601562    93.046875
54    93.046875    94.492188
55    94.492188    95.937500
56    95.937500    97.382812
57    97.382812    98.828125
58    98.828125    100.273438
59    100.273438    101.718750
60    101.718750    103.164062
61    103.164062    104.609375
62    104.609375    106.054688
63    106.054688    107.500000
64    107.500000    108.945312
65    108.945312    110.390625
66    110.390625    111.835938
67    111.835938    113.281250
68    113.281250    114.726562
69    114.726562    116.171875
70    116.171875    117.617188
71    117.617188    119.062500
72    119.062500    120.507812
73    120.507812    121.953125
74    121.953125    123.398438
75    123.398438    124.843750
76    124.843750    126.289062
77    126.289062    127.734375
78    127.734375    129.179688
79    129.179688    130.625000
80    130.625000    132.070312
81    132.070312    133.515625
82    133.515625    134.960938
83    134.960938    136.406250
84    136.406250    137.851562
85    137.851562    139.296875
86    139.296875    140.742188
87    140.742188    142.187500
88    142.187500    143.632812
89    143.632812    145.078125
90    145.078125    146.523438
91    146.523438    147.968750
92    147.968750    149.414062
93    149.414062    150.859375
94    150.859375    152.304688
95    152.304688    153.750000
96    153.750000    155.195312
97    155.195312    156.640625
98    156.640625    158.085938
99    158.085938    159.531250
100    159.531250    160.976562
101    160.976562    162.421875
102    162.421875    163.867188
103    163.867188    165.312500
104    165.312500    166.757812
105    166.757812    168.203125
106    168.203125    169.648438
107    169.648438    171.093750
108    171.093750    172.539062
109    172.539062    173.984375
110    173.984375    175.429688
111    175.429688    176.875000
112    176.875000    178.320312
113    178.320312    179.765625
114    179.765625    181.210938
115    181.210938    182.656250
116    182.656250    184.101562
117    184.101562    185.546875
118    185.546875    186.992188
119    186.992188    188.437500
120    188.437500    189.882812
121    189.882812    191.328125
122    191.328125    192.773438
123    192.773438    194.218750
124    194.218750    195.664062
125    195.664062    197.109375
126    197.109375    198.554688
127    198.554688    200.000000
128    200.000000    201.445312
129    201.445312    202.890625
130    202.890625    204.335938
131    204.335938    205.781250
132    205.781250    207.226562
133    207.226562    208.671875
134    208.671875    210.117188
135    210.117188    211.562500
136    211.562500    213.007812
137    213.007812    214.453125
138    214.453125    215.898438
139    215.898438    217.343750
140    217.343750    218.789062
141    218.789062    220.234375
142    220.234375    221.679688
143    221.679688    223.125000
144    223.125000    224.570312
145    224.570312    226.015625
146    226.015625    227.460938
147    227.460938    228.906250
148    228.906250    230.351562
149    230.351562    231.796875
150    231.796875    233.242188
151    233.242188    234.687500
152    234.687500    236.132812
153    236.132812    237.578125
154    237.578125    239.023438
155    239.023438    240.468750
156    240.468750    241.914062
157    241.914062    243.359375
158    243.359375    244.804688
159    244.804688    246.250000
160    246.250000    247.695312
161    247.695312    249.140625
162    249.140625    250.585938
163    250.585938    252.031250
164    252.031250    253.476562
165    253.476562    254.921875
166    254.921875    256.367188
167    256.367188    257.812500
168    257.812500    259.257812
169    259.257812    260.703125
170    260.703125    262.148438
171    262.148438    263.593750
172    263.593750    265.039062
173    265.039062    266.484375
174    266.484375    267.929688
175    267.929688    269.375000
176    269.375000    270.820312
177    270.820312    272.265625
178    272.265625    273.710938
179    273.710938    275.156250
180    275.156250    276.601562
181    276.601562    278.046875
182    278.046875    279.492188
183    279.492188    280.937500
184    280.937500    282.382812
185    282.382812    283.828125
186    283.828125    285.273438
187    285.273438    286.718750
188    286.718750    288.164062
189    288.164062    289.609375
190    289.609375    291.054688
191    291.054688    292.500000
192    292.500000    293.945312
193    293.945312    295.390625
194    295.390625    296.835938
195    296.835938    298.281250
196    298.281250    299.726562
197    299.726562    301.171875
198    301.171875    302.617188
199    302.617188    304.062500
200    304.062500    305.507812
201    305.507812    306.953125
202    306.953125    308.398438
203    308.398438    309.843750
204    309.843750    311.289062
205    311.289062    312.734375
206    312.734375    314.179688
207    314.179688    315.625000
208    315.625000    317.070312
209    317.070312    318.515625
210    318.515625    319.960938
211    319.960938    321.406250
212    321.406250    322.851562
213    322.851562    324.296875
214    324.296875    325.742188
215    325.742188    327.187500
216    327.187500    328.632812
217    328.632812    330.078125
218    330.078125    331.523438
219    331.523438    332.968750
220    332.968750    334.414062
221    334.414062    335.859375
222    335.859375    337.304688
223    337.304688    338.750000
224    338.750000    340.195312
225    340.195312    341.640625
226    341.640625    343.085938
227    343.085938    344.531250
228    344.531250    345.976562
229    345.976562    347.421875
230    347.421875    348.867188
231    348.867188    350.312500
232    350.312500    351.757812
233    351.757812    353.203125
234    353.203125    354.648438
235    354.648438    356.093750
236    356.093750    357.539062
237    357.539062    358.984375
238    358.984375    360.429688
239    360.429688    361.875000
240    361.875000    363.320312
241    363.320312    364.765625
242    364.765625    366.210938
243    366.210938    367.656250
244    367.656250    369.101562
245    369.101562    370.546875
246    370.546875    371.992188
247    371.992188    373.437500
248    373.437500    374.882812
249    374.882812    376.328125
250    376.328125    377.773438
251    377.773438    379.218750
252    379.218750    380.664062
253    380.664062    382.109375
254    382.109375    383.554688
255    383.554688    385.000000
