0    0.100000    0.108464
1    0.108464    0.116927
2    0.116927    0.125391
3    0.125391    0.133854
4    0.133854    0.142318
5    0.142318    0.150781
6    0.150781    0.159245
7    0.159245    0.167708
8    0.167708    0.176172
9    0.176172    0.184635
10    0.184635    0.193099
11    0.193099    0.201562
12    0.201562    0.210026
13    0.210026    0.218490
14    0.218490    0.226953
15    0.226953    0.235417
16    0.235417    0.243880
17    0.243880    0.252344
18    0.252344    0.260807
19    0.260807    0.269271
20    0.269271    0.277734
21    0.277734    0.286198
22    0.286198    0.294661
23    0.294661    0.303125
24    0.303125    0.311589
25    0.311589    0.320052
26    0.320052    0.328516
27    0.328516    0.336979
28    0.336979    0.345443
29    0.345443    0.353906
30    0.353906    0.362370
31    0.362370    0.370833
32    0.370833    0.379297
33    0.379297    0.387760
34    0.387760    0.396224
35    0.396224    0.404687
36    0.404687    0.413151
37    0.413151    0.421615
38    0.421615    0.430078
39    0.430078    0.438542
40    0.438542    0.447005
41    0.447005    0.455469
42    0.455469    0.463932
43    0.463932    0.472396
44    0.472396    0.480859
45    0.480859    0.489323
46    0.489323    0.497786
47    0.497786    0.506250
48    0.506250    0.514714
49    0.514714    0.523177
50    0.523177    0.531641
51    0.531641    0.540104
52    0.540104    0.548568
53    0.548568    0.557031
54    0.557031    0.565495
55    0.565495    0.573958
56    0.573958    0.582422
57    0.582422    0.590885
58    0.590885    0.599349
59    0.599349    0.607813
60    0.607813    0.616276
61    0.616276    0.624740
62    0.624740    0.633203
63    0.633203    0.641667
64    0.641667    0.650130
65    0.650130    0.658594
66    0.658594    0.667057
67    0.667057    0.675521
68    0.675521    0.683984
69    0.683984    0.692448
70    0.692448    0.700912
71    0.700912    0.709375
72    0.709375    0.717839
73    0.717839    0.726302
74    0.726302    0.734766
75    0.734766    0.743229
76    0.743229    0.751693
77    0.751693    0.760156
78    0.760156    0.768620
79    0.768620    0.777083
80    0.777083    0.785547
81    0.785547    0.794010
82    0.794010    0.802474
83    0.802474    0.810938
84    0.810938    0.819401
85    0.819401    0.827865
86    0.827865    0.836328
87    0.836328    0.844792
88    0.844792    0.853255
89    0.853255    0.861719
90    0.861719    0.870182
91    0.870182    0.878646
92    0.878646    0.887109
93    0.887109    0.895573
94    0.895573    0.904037
95    0.904037    0.912500
96    0.912500    0.920964
97    0.920964    0.929427
98    0.929427    0.937891
99    0.937891    0.946354
100    0.946354    0.954818
101    0.954818    0.963281
102    0.963281    0.971745
103    0.971745    0.980208
104    0.980208    0.988672
105    0.988672    0.997135
106    0.997135    1.005599
107    1.005599    1.014063
108    1.014063    1.022526
109    1.022526    1.030990
110    1.030990    1.039453
111    1.039453    1.047917
112    1.047917    1.056380
113    1.056380    1.064844
114    1.064844    1.073307
115    1.073307    1.081771
116    1.081771    1.090234
117    1.090234    1.098698
118    1.098698    1.107162
119    1.107162    1.115625
120    1.115625    1.124089
121    1.124089    1.132552
122    1.132552    1.141016
123    1.141016    1.149479
124    1.149479    1.157943
125    1.157943    1.166406
126    1.166406    1.174870
127    1.174870    1.183333
128    1.183333    1.191797
129    1.191797    1.200261
130    1.200261    1.208724
131    1.208724    1.217188
132    1.217188    1.225651
133    1.225651    1.234115
134    1.234115    1.242578
135    1.242578    1.251042
136    1.251042    1.259505
137    1.259505    1.267969
138    1.267969    1.276432
139    1.276432    1.284896
140    1.284896    1.293359
141    1.293359    1.301823
142    1.301823    1.310287
143    1.310287    1.318750
144    1.318750    1.327214
145    1.327214    1.335677
146    1.335677    1.344141
147    1.344141    1.352604
148    1.352604    1.361068
149    1.361068    1.369531
150    1.369531    1.377995
151    1.377995    1.386458
152    1.386458    1.394922
153    1.394922    1.403386
154    1.403386    1.411849
155    1.411849    1.420313
156    1.420313    1.428776
157    1.428776    1.437240
158    1.437240    1.445703
159    1.445703    1.454167
160    1.454167    1.462630
161    1.462630    1.471094
162    1.471094    1.479557
163    1.479557    1.488021
164    1.488021    1.496484
165    1.496484    1.504948
166    1.504948    1.513412
167    1.513412    1.521875
168    1.521875    1.530339
169    1.530339    1.538802
170    1.538802    1.547266
171    1.547266    1.555729
172    1.555729    1.564193
173    1.564193    1.572656
174    1.572656    1.581120
175    1.581120    1.589583
176    1.589583    1.598047
177    1.598047    1.606511
178    1.606511    1.614974
179    1.614974    1.623438
180    1.623438    1.631901
181    1.631901    1.640365
182    1.640365    1.648828
183    1.648828    1.657292
184    1.657292    1.665755
185    1.665755    1.674219
186    1.674219    1.682682
187    1.682682    1.691146
188    1.691146    1.699609
189    1.699609    1.708073
190    1.708073    1.716537
191    1.716537    1.725000
192    1.725000    1.733464
193    1.733464    1.741927
194    1.741927    1.750391
195    1.750391    1.758854
196    1.758854    1.767318
197    1.767318    1.775781
198    1.775781    1.784245
199    1.784245    1.792708
200    1.792708    1.801172
201    1.801172    1.809636
202    1.809636    1.818099
203    1.818099    1.826563
204    1.826563    1.835026
205    1.835026    1.843490
206    1.843490    1.851953
207    1.851953    1.860417
208    1.860417    1.868880
209    1.868880    1.877344
210    1.877344    1.885807
211    1.885807    1.894271
212    1.894271    1.902735
213    1.902735    1.911198
214    1.911198    1.919662
215    1.919662    1.928125
216    1.928125    1.936589
217    1.936589    1.945052
218    1.945052    1.953516
219    1.953516    1.961979
220    1.961979    1.970443
221    1.970443    1.978906
222    1.978906    1.987370
223    1.987370    1.995833
224    1.995833    2.004297
225    2.004297    2.012760
226    2.012760    2.021224
227    2.021224    2.029688
228    2.029688    2.038151
229    2.038151    2.046615
230    2.046615    2.055078
231    2.055078    2.063542
232    2.063542    2.072005
233    2.072005    2.080469
234    2.080469    2.088932
235    2.088932    2.097396
236    2.097396    2.105859
237    2.105859    2.114323
238    2.114323    2.122787
239    2.122787    2.131250
240    2.131250    2.139714
241    2.139714    2.148177
242    2.148177    2.156641
243    2.156641    2.165104
244    2.165104    2.173568
245    2.173568    2.182031
246    2.182031    2.190495
247    2.190495    2.198958
248    2.198958    2.207422
249    2.207422    2.215885
250    2.215885    2.224349
251    2.224349    2.232812
252    2.232812    2.241276
253    2.241276    2.249740
254    2.249740    2.258203
255    2.258203    2.266667
256    2.266667    2.275130
257    2.275130    2.283594
258    2.283594    2.292057
259    2.292057    2.300521
260    2.300521    2.308984
261    2.308984    2.317448
262    2.317448    2.325912
263    2.325912    2.334375
264    2.334375    2.342839
265    2.342839    2.351302
266    2.351302    2.359766
267    2.359766    2.368229
268    2.368229    2.376693
269    2.376693    2.385156
270    2.385156    2.393620
271    2.393620    2.402083
272    2.402083    2.410547
273    2.410547    2.419010
274    2.419010    2.427474
275    2.427474    2.435937
276    2.435937    2.444401
277    2.444401    2.452865
278    2.452865    2.461328
279    2.461328    2.469792
280    2.469792    2.478255
281    2.478255    2.486719
282    2.486719    2.495182
283    2.495182    2.503646
284    2.503646    2.512109
285    2.512109    2.520573
286    2.520573    2.529037
287    2.529037    2.537500
288    2.537500    2.545964
289    2.545964    2.554427
290    2.554427    2.562891
291    2.562891    2.571354
292    2.571354    2.579818
293    2.579818    2.588281
294    2.588281    2.596745
295    2.596745    2.605208
296    2.605208    2.613672
297    2.613672    2.622135
298    2.622135    2.630599
299    2.630599    2.639062
300    2.639062    2.647526
301    2.647526    2.655990
302    2.655990    2.664453
303    2.664453    2.672917
304    2.672917    2.681380
305    2.681380    2.689844
306    2.689844    2.698307
307    2.698307    2.706771
308    2.706771    2.715234
309    2.715234    2.723698
310    2.723698    2.732162
311    2.732162    2.740625
312    2.740625    2.749089
313    2.749089    2.757552
314    2.757552    2.766016
315    2.766016    2.774479
316    2.774479    2.782943
317    2.782943    2.791406
318    2.791406    2.799870
319    2.799870    2.808333
320    2.808333    2.816797
321    2.816797    2.825260
322    2.825260    2.833724
323    2.833724    2.842187
324    2.842187    2.850651
325    2.850651    2.859115
326    2.859115    2.867578
327    2.867578    2.876042
328    2.876042    2.884505
329    2.884505    2.892969
330    2.892969    2.901432
331    2.901432    2.909896
332    2.909896    2.918359
333    2.918359    2.926823
334    2.926823    2.935287
335    2.935287    2.943750
336    2.943750    2.952214
337    2.952214    2.960677
338    2.960677    2.969141
339    2.969141    2.977604
340    2.977604    2.986068
341    2.986068    2.994531
342    2.994531    3.002995
343    3.002995    3.011458
344    3.011458    3.019922
345    3.019922    3.028385
346    3.028385    3.036849
347    3.036849    3.045312
348    3.045312    3.053776
349    3.053776    3.062240
350    3.062240    3.070703
351    3.070703    3.079167
352    3.079167    3.087630
353    3.087630    3.096094
354    3.096094    3.104557
355    3.104557    3.113021
356    3.113021    3.121484
357    3.121484    3.129948
358    3.129948    3.138412
359    3.138412    3.146875
360    3.146875    3.155339
361    3.155339    3.163802
362    3.163802    3.172266
363    3.172266    3.180729
364    3.180729    3.189193
365    3.189193    3.197656
366    3.197656    3.206120
367    3.206120    3.214583
368    3.214583    3.223047
369    3.223047    3.231510
370    3.231510    3.239974
371    3.239974    3.248437
372    3.248437    3.256901
373    3.256901    3.265365
374    3.265365    3.273828
375    3.273828    3.282292
376    3.282292    3.290755
377    3.290755    3.299219
378    3.299219    3.307682
379    3.307682    3.316146
380    3.316146    3.324609
381    3.324609    3.333073
382    3.333073    3.341537
383    3.341537    3.350000
384    3.350000    3.358464
385    3.358464    3.366927
386    3.366927    3.375391
387    3.375391    3.383854
388    3.383854    3.392318
389    3.392318    3.400781
390    3.400781    3.409245
391    3.409245    3.417708
392    3.417708    3.426172
393    3.426172    3.434635
394    3.434635    3.443099
395    3.443099    3.451563
396    3.451563    3.460026
397    3.460026    3.468490
398    3.468490    3.476953
399    3.476953    3.485417
400    3.485417    3.493880
401    3.493880    3.502344
402    3.502344    3.510807
403    3.510807    3.519271
404    3.519271    3.527735
405    3.527735    3.536198
406    3.536198    3.544662
407    3.544662    3.553125
408    3.553125    3.561589
409    3.561589    3.570052
410    3.570052    3.578516
411    3.578516    3.586979
412    3.586979    3.595443
413    3.595443    3.603906
414    3.603906    3.612370
415    3.612370    3.620833
416    3.620833    3.629297
417    3.629297    3.637760
418    3.637760    3.646224
419    3.646224    3.654688
420    3.654688    3.663151
421    3.663151    3.671615
422    3.671615    3.680078
423    3.680078    3.688542
424    3.688542    3.697005
425    3.697005    3.705469
426    3.705469    3.713932
427    3.713932    3.722396
428    3.722396    3.730860
429    3.730860    3.739323
430    3.739323    3.747787
431    3.747787    3.756250
432    3.756250    3.764714
433    3.764714    3.773177
434    3.773177    3.781641
435    3.781641    3.790104
436    3.790104    3.798568
437    3.798568    3.807031
438    3.807031    3.815495
439    3.815495    3.823958
440    3.823958    3.832422
441    3.832422    3.840885
442    3.840885    3.849349
443    3.849349    3.857813
444    3.857813    3.866276
445    3.866276    3.874740
446    3.874740    3.883203
447    3.883203    3.891667
448    3.891667    3.900130
449    3.900130    3.908594
450    3.908594    3.917057
451    3.917057    3.925521
452    3.925521    3.933985
453    3.933985    3.942448
454    3.942448    3.950912
455    3.950912    3.959375
456    3.959375    3.967839
457    3.967839    3.976302
458    3.976302    3.984766
459    3.984766    3.993229
460    3.993229    4.001693
461    4.001693    4.010157
462    4.010157    4.018620
463    4.018620    4.027083
464    4.027083    4.035547
465    4.035547    4.044011
466    4.044011    4.052474
467    4.052474    4.060938
468    4.060938    4.069401
469    4.069401    4.077865
470    4.077865    4.086329
471    4.086329    4.094792
472    4.094792    4.103255
473    4.103255    4.111719
474    4.111719    4.120183
475    4.120183    4.128646
476    4.128646    4.137109
477    4.137109    4.145573
478    4.145573    4.154037
479    4.154037    4.162500
480    4.162500    4.170964
481    4.170964    4.179427
482    4.179427    4.187891
483    4.187891    4.196354
484    4.196354    4.204818
485    4.204818    4.213281
486    4.213281    4.221745
487    4.221745    4.230208
488    4.230208    4.238672
489    4.238672    4.247136
490    4.247136    4.255599
491    4.255599    4.264062
492    4.264062    4.272526
493    4.272526    4.280990
494    4.280990    4.289453
495    4.289453    4.297917
496    4.297917    4.306380
497    4.306380    4.314844
498    4.314844    4.323308
499    4.323308    4.331771
500    4.331771    4.340234
501    4.340234    4.348698
502    4.348698    4.357162
503    4.357162    4.365625
504    4.365625    4.374089
505    4.374089    4.382552
506    4.382552    4.391016
507    4.391016    4.399479
508    4.399479    4.407943
509    4.407943    4.416406
510    4.416406    4.424870
511    4.424870    4.433333
512    4.433333    4.441797
513    4.441797    4.450261
514    4.450261    4.458724
515    4.458724    4.467187
516    4.467187    4.475651
517    4.475651    4.484115
518    4.484115    4.492578
519    4.492578    4.501042
520    4.501042    4.509505
521    4.509505    4.517969
522    4.517969    4.526433
523    4.526433    4.534896
524    4.534896    4.543359
525    4.543359    4.551823
526    4.551823    4.560287
527    4.560287    4.568750
528    4.568750    4.577214
529    4.577214    4.585677
530    4.585677    4.594141
531    4.594141    4.602604
532    4.602604    4.611068
533    4.611068    4.619531
534    4.619531    4.627995
535    4.627995    4.636458
536    4.636458    4.644922
537    4.644922    4.653386
538    4.653386    4.661849
539    4.661849    4.670312
540    4.670312    4.678776
541    4.678776    4.687240
542    4.687240    4.695703
543    4.695703    4.704167
544    4.704167    4.712630
545    4.712630    4.721094
546    4.721094    4.729558
547    4.729558    4.738021
548    4.738021    4.746484
549    4.746484    4.754948
550    4.754948    4.763412
551    4.763412    4.771875
552    4.771875    4.780339
553    4.780339    4.788802
554    4.788802    4.797266
555    4.797266    4.805729
556    4.805729    4.814193
557    4.814193    4.822656
558    4.822656    4.831120
559    4.831120    4.839583
560    4.839583    4.848047
561    4.848047    4.856511
562    4.856511    4.864974
563    4.864974    4.873437
564    4.873437    4.881901
565    4.881901    4.890365
566    4.890365    4.898828
567    4.898828    4.907292
568    4.907292    4.915755
569    4.915755    4.924219
570    4.924219    4.932683
571    4.932683    4.941146
572    4.941146    4.949609
573    4.949609    4.958073
574    4.958073    4.966537
575    4.966537    4.975000
576    4.975000    4.983464
577    4.983464    4.991927
578    4.991927    5.000391
579    5.000391    5.008854
580    5.008854    5.017318
581    5.017318    5.025781
582    5.025781    5.034245
583    5.034245    5.042708
584    5.042708    5.051172
585    5.051172    5.059636
586    5.059636    5.068099
587    5.068099    5.076562
588    5.076562    5.085026
589    5.085026    5.093490
590    5.093490    5.101953
591    5.101953    5.110417
592    5.110417    5.118880
593    5.118880    5.127344
594    5.127344    5.135808
595    5.135808    5.144271
596    5.144271    5.152734
597    5.152734    5.161198
598    5.161198    5.169662
599    5.169662    5.178125
600    5.178125    5.186589
601    5.186589    5.195052
602    5.195052    5.203516
603    5.203516    5.211979
604    5.211979    5.220443
605    5.220443    5.228906
606    5.228906    5.237370
607    5.237370    5.245833
608    5.245833    5.254297
609    5.254297    5.262761
610    5.262761    5.271224
611    5.271224    5.279687
612    5.279687    5.288151
613    5.288151    5.296615
614    5.296615    5.305078
615    5.305078    5.313542
616    5.313542    5.322005
617    5.322005    5.330469
618    5.330469    5.338933
619    5.338933    5.347396
620    5.347396    5.355859
621    5.355859    5.364323
622    5.364323    5.372787
623    5.372787    5.381250
624    5.381250    5.389714
625    5.389714    5.398177
626    5.398177    5.406641
627    5.406641    5.415104
628    5.415104    5.423568
629    5.423568    5.432031
630    5.432031    5.440495
631    5.440495    5.448958
632    5.448958    5.457422
633    5.457422    5.465886
634    5.465886    5.474349
635    5.474349    5.482812
636    5.482812    5.491276
637    5.491276    5.499740
638    5.499740    5.508203
639    5.508203    5.516667
640    5.516667    5.525130
641    5.525130    5.533594
642    5.533594    5.542058
643    5.542058    5.550521
644    5.550521    5.558984
645    5.558984    5.567448
646    5.567448    5.575912
647    5.575912    5.584375
648    5.584375    5.592839
649    5.592839    5.601302
650    5.601302    5.609766
651    5.609766    5.618229
652    5.618229    5.626693
653    5.626693    5.635156
654    5.635156    5.643620
655    5.643620    5.652083
656    5.652083    5.660547
657    5.660547    5.669011
658    5.669011    5.677474
659    5.677474    5.685937
660    5.685937    5.694401
661    5.694401    5.702865
662    5.702865    5.711328
663    5.711328    5.719792
664    5.719792    5.728255
665    5.728255    5.736719
666    5.736719    5.745183
667    5.745183    5.753646
668    5.753646    5.762109
669    5.762109    5.770573
670    5.770573    5.779037
671    5.779037    5.787500
672    5.787500    5.795964
673    5.795964    5.804427
674    5.804427    5.812891
675    5.812891    5.821354
676    5.821354    5.829818
677    5.829818    5.838281
678    5.838281    5.846745
679    5.846745    5.855208
680    5.855208    5.863672
681    5.863672    5.872136
682    5.872136    5.880599
683    5.880599    5.889062
684    5.889062    5.897526
685    5.897526    5.905990
686    5.905990    5.914453
687    5.914453    5.922917
688    5.922917    5.931380
689    5.931380    5.939844
690    5.939844    5.948308
691    5.948308    5.956771
692    5.956771    5.965234
693    5.965234    5.973698
694    5.973698    5.982162
695    5.982162    5.990625
696    5.990625    5.999089
697    5.999089    6.007552
698    6.007552    6.016016
699    6.016016    6.024479
700    6.024479    6.032943
701    6.032943    6.041406
702    6.041406    6.049870
703    6.049870    6.058333
704    6.058333    6.066797
705    6.066797    6.075261
706    6.075261    6.083724
707    6.083724    6.092187
708    6.092187    6.100651
709    6.100651    6.109115
710    6.109115    6.117578
711    6.117578    6.126042
712    6.126042    6.134505
713    6.134505    6.142969
714    6.142969    6.151433
715    6.151433    6.159896
716    6.159896    6.168359
717    6.168359    6.176823
718    6.176823    6.185287
719    6.185287    6.193750
720    6.193750    6.202214
721    6.202214    6.210677
722    6.210677    6.219141
723    6.219141    6.227604
724    6.227604    6.236068
725    6.236068    6.244531
726    6.244531    6.252995
727    6.252995    6.261458
728    6.261458    6.269922
729    6.269922    6.278386
730    6.278386    6.286849
731    6.286849    6.295312
732    6.295312    6.303776
733    6.303776    6.312240
734    6.312240    6.320703
735    6.320703    6.329167
736    6.329167    6.337630
737    6.337630    6.346094
738    6.346094    6.354558
739    6.354558    6.363021
740    6.363021    6.371484
741    6.371484    6.379948
742    6.379948    6.388412
743    6.388412    6.396875
744    6.396875    6.405339
745    6.405339    6.413802
746    6.413802    6.422266
747    6.422266    6.430729
748    6.430729    6.439193
749    6.439193    6.447656
750    6.447656    6.456120
751    6.456120    6.464583
752    6.464583    6.473047
753    6.473047    6.481511
754    6.481511    6.489974
755    6.489974    6.498437
756    6.498437    6.506901
757    6.506901    6.515365
758    6.515365    6.523828
759    6.523828    6.532292
760    6.532292    6.540755
761    6.540755    6.549219
762    6.549219    6.557683
763    6.557683    6.566146
764    6.566146    6.574609
765    6.574609    6.583073
766    6.583073    6.591537
767    6.591537    6.600000
768    6.600000    6.608464
769    6.608464    6.616927
770    6.616927    6.625391
771    6.625391    6.633854
772    6.633854    6.642318
773    6.642318    6.650782
774    6.650782    6.659245
775    6.659245    6.667708
776    6.667708    6.676172
777    6.676172    6.684636
778    6.684636    6.693099
779    6.693099    6.701563
780    6.701563    6.710026
781    6.710026    6.718490
782    6.718490    6.726954
783    6.726954    6.735417
784    6.735417    6.743880
785    6.743880    6.752344
786    6.752344    6.760808
787    6.760808    6.769271
788    6.769271    6.777735
789    6.777735    6.786198
790    6.786198    6.794662
791    6.794662    6.803125
792    6.803125    6.811589
793    6.811589    6.820052
794    6.820052    6.828516
795    6.828516    6.836979
796    6.836979    6.845443
797    6.845443    6.853907
798    6.853907    6.862370
799    6.862370    6.870833
800    6.870833    6.879297
801    6.879297    6.887761
802    6.887761    6.896224
803    6.896224    6.904688
804    6.904688    6.913151
805    6.913151    6.921615
806    6.921615    6.930079
807    6.930079    6.938542
808    6.938542    6.947005
809    6.947005    6.955469
810    6.955469    6.963933
811    6.963933    6.972396
812    6.972396    6.980860
813    6.980860    6.989323
814    6.989323    6.997787
815    6.997787    7.006250
816    7.006250    7.014714
817    7.014714    7.023177
818    7.023177    7.031641
819    7.031641    7.040104
820    7.040104    7.048568
821    7.048568    7.057032
822    7.057032    7.065495
823    7.065495    7.073958
824    7.073958    7.082422
825    7.082422    7.090886
826    7.090886    7.099349
827    7.099349    7.107813
828    7.107813    7.116276
829    7.116276    7.124740
830    7.124740    7.133204
831    7.133204    7.141667
832    7.141667    7.150130
833    7.150130    7.158594
834    7.158594    7.167058
835    7.167058    7.175521
836    7.175521    7.183985
837    7.183985    7.192448
838    7.192448    7.200912
839    7.200912    7.209375
840    7.209375    7.217839
841    7.217839    7.226302
842    7.226302    7.234766
843    7.234766    7.243229
844    7.243229    7.251693
845    7.251693    7.260157
846    7.260157    7.268620
847    7.268620    7.277083
848    7.277083    7.285547
849    7.285547    7.294011
850    7.294011    7.302474
851    7.302474    7.310938
852    7.310938    7.319401
853    7.319401    7.327865
854    7.327865    7.336329
855    7.336329    7.344792
856    7.344792    7.353255
857    7.353255    7.361719
858    7.361719    7.370183
859    7.370183    7.378646
860    7.378646    7.387110
861    7.387110    7.395573
862    7.395573    7.404037
863    7.404037    7.412500
864    7.412500    7.420964
865    7.420964    7.429427
866    7.429427    7.437891
867    7.437891    7.446354
868    7.446354    7.454818
869    7.454818    7.463282
870    7.463282    7.471745
871    7.471745    7.480208
872    7.480208    7.488672
873    7.488672    7.497136
874    7.497136    7.505599
875    7.505599    7.514063
876    7.514063    7.522526
877    7.522526    7.530990
878    7.530990    7.539454
879    7.539454    7.547917
880    7.547917    7.556380
881    7.556380    7.564844
882    7.564844    7.573308
883    7.573308    7.581771
884    7.581771    7.590235
885    7.590235    7.598698
886    7.598698    7.607162
887    7.607162    7.615625
888    7.615625    7.624089
889    7.624089    7.632552
890    7.632552    7.641016
891    7.641016    7.649479
892    7.649479    7.657943
893    7.657943    7.666407
894    7.666407    7.674870
895    7.674870    7.683333
896    7.683333    7.691797
897    7.691797    7.700261
898    7.700261    7.708724
899    7.708724    7.717188
900    7.717188    7.725651
901    7.725651    7.734115
902    7.734115    7.742579
903    7.742579    7.751042
904    7.751042    7.759505
905    7.759505    7.767969
906    7.767969    7.776433
907    7.776433    7.784896
908    7.784896    7.793360
909    7.793360    7.801823
910    7.801823    7.810287
911    7.810287    7.818750
912    7.818750    7.827214
913    7.827214    7.835677
914    7.835677    7.844141
915    7.844141    7.852604
916    7.852604    7.861068
917    7.861068    7.869532
918    7.869532    7.877995
919    7.877995    7.886458
920    7.886458    7.894922
921    7.894922    7.903386
922    7.903386    7.911849
923    7.911849    7.920313
924    7.920313    7.928776
925    7.928776    7.937240
926    7.937240    7.945704
927    7.945704    7.954167
928    7.954167    7.962630
929    7.962630    7.971094
930    7.971094    7.979558
931    7.979558    7.988021
932    7.988021    7.996485
933    7.996485    8.004949
934    8.004949    8.013412
935    8.013412    8.021875
936    8.021875    8.030339
937    8.030339    8.038802
938    8.038802    8.047266
939    8.047266    8.055730
940    8.055730    8.064193
941    8.064193    8.072657
942    8.072657    8.081120
943    8.081120    8.089583
944    8.089583    8.098047
945    8.098047    8.106511
946    8.106511    8.114975
947    8.114975    8.123438
948    8.123438    8.131902
949    8.131902    8.140366
950    8.140366    8.148829
951    8.148829    8.157292
952    8.157292    8.165756
953    8.165756    8.174219
954    8.174219    8.182683
955    8.182683    8.191147
956    8.191147    8.199610
957    8.199610    8.208074
958    8.208074    8.216537
959    8.216537    8.225000
960    8.225000    8.233464
961    8.233464    8.241928
962    8.241928    8.250391
963    8.250391    8.258855
964    8.258855    8.267319
965    8.267319    8.275782
966    8.275782    8.284245
967    8.284245    8.292709
968    8.292709    8.301172
969    8.301172    8.309636
970    8.309636    8.318100
971    8.318100    8.326563
972    8.326563    8.335027
973    8.335027    8.343491
974    8.343491    8.351954
975    8.351954    8.360417
976    8.360417    8.368881
977    8.368881    8.377344
978    8.377344    8.385808
979    8.385808    8.394272
980    8.394272    8.402735
981    8.402735    8.411199
982    8.411199    8.419662
983    8.419662    8.428125
984    8.428125    8.436589
985    8.436589    8.445053
986    8.445053    8.453516
987    8.453516    8.461980
988    8.461980    8.470444
989    8.470444    8.478907
990    8.478907    8.487370
991    8.487370    8.495834
992    8.495834    8.504297
993    8.504297    8.512761
994    8.512761    8.521225
995    8.521225    8.529688
996    8.529688    8.538152
997    8.538152    8.546616
998    8.546616    8.555079
999    8.555079    8.563542
1000    8.563542    8.572006
1001    8.572006    8.580469
1002    8.580469    8.588933
1003    8.588933    8.597397
1004    8.597397    8.605860
1005    8.605860    8.614324
1006    8.614324    8.622787
1007    8.622787    8.631250
1008    8.631250    8.639714
1009    8.639714    8.648178
1010    8.648178    8.656641
1011    8.656641    8.665105
1012    8.665105    8.673569
1013    8.673569    8.682032
1014    8.682032    8.690495
1015    8.690495    8.698959
1016    8.698959    8.707422
1017    8.707422    8.715886
1018    8.715886    8.724350
1019    8.724350    8.732813
1020    8.732813    8.741277
1021    8.741277    8.749741
1022    8.749741    8.758204
1023    8.758204    8.766667
1024    8.766667    8.775131
1025    8.775131    8.783594
1026    8.783594    8.792058
1027    8.792058    8.800522
1028    8.800522    8.808985
1029    8.808985    8.817449
1030    8.817449    8.825912
1031    8.825912    8.834375
1032    8.834375    8.842839
1033    8.842839    8.851303
1034    8.851303    8.859766
1035    8.859766    8.868230
1036    8.868230    8.876694
1037    8.876694    8.885157
1038    8.885157    8.893620
1039    8.893620    8.902084
1040    8.902084    8.910547
1041    8.910547    8.919011
1042    8.919011    8.927475
1043    8.927475    8.935938
1044    8.935938    8.944402
1045    8.944402    8.952866
1046    8.952866    8.961329
1047    8.961329    8.969792
1048    8.969792    8.978256
1049    8.978256    8.986719
1050    8.986719    8.995183
1051    8.995183    9.003647
1052    9.003647    9.012110
1053    9.012110    9.020574
1054    9.020574    9.029037
1055    9.029037    9.037500
1056    9.037500    9.045964
1057    9.045964    9.054428
1058    9.054428    9.062891
1059    9.062891    9.071355
1060    9.071355    9.079819
1061    9.079819    9.088282
1062    9.088282    9.096745
1063    9.096745    9.105209
1064    9.105209    9.113672
1065    9.113672    9.122136
1066    9.122136    9.130600
1067    9.130600    9.139063
1068    9.139063    9.147527
1069    9.147527    9.155991
1070    9.155991    9.164454
1071    9.164454    9.172917
1072    9.172917    9.181381
1073    9.181381    9.189844
1074    9.189844    9.198308
1075    9.198308    9.206772
1076    9.206772    9.215235
1077    9.215235    9.223699
1078    9.223699    9.232162
1079    9.232162    9.240625
1080    9.240625    9.249089
1081    9.249089    9.257553
1082    9.257553    9.266016
1083    9.266016    9.274480
1084    9.274480    9.282944
1085    9.282944    9.291407
1086    9.291407    9.299870
1087    9.299870    9.308334
1088    9.308334    9.316797
1089    9.316797    9.325261
1090    9.325261    9.333725
1091    9.333725    9.342188
1092    9.342188    9.350652
1093    9.350652    9.359116
1094    9.359116    9.367579
1095    9.367579    9.376042
1096    9.376042    9.384506
1097    9.384506    9.392969
1098    9.392969    9.401433
1099    9.401433    9.409897
1100    9.409897    9.418360
1101    9.418360    9.426824
1102    9.426824    9.435287
1103    9.435287    9.443750
1104    9.443750    9.452214
1105    9.452214    9.460678
1106    9.460678    9.469141
1107    9.469141    9.477605
1108    9.477605    9.486069
1109    9.486069    9.494532
1110    9.494532    9.502995
1111    9.502995    9.511459
1112    9.511459    9.519922
1113    9.519922    9.528386
1114    9.528386    9.536850
1115    9.536850    9.545313
1116    9.545313    9.553777
1117    9.553777    9.562241
1118    9.562241    9.570704
1119    9.570704    9.579167
1120    9.579167    9.587631
1121    9.587631    9.596094
1122    9.596094    9.604558
1123    9.604558    9.613022
1124    9.613022    9.621485
1125    9.621485    9.629949
1126    9.629949    9.638412
1127    9.638412    9.646875
1128    9.646875    9.655339
1129    9.655339    9.663803
1130    9.663803    9.672266
1131    9.672266    9.680730
1132    9.680730    9.689194
1133    9.689194    9.697657
1134    9.697657    9.706120
1135    9.706120    9.714584
1136    9.714584    9.723047
1137    9.723047    9.731511
1138    9.731511    9.739975
1139    9.739975    9.748438
1140    9.748438    9.756902
1141    9.756902    9.765366
1142    9.765366    9.773829
1143    9.773829    9.782292
1144    9.782292    9.790756
1145    9.790756    9.799219
1146    9.799219    9.807683
1147    9.807683    9.816147
1148    9.816147    9.824610
1149    9.824610    9.833074
1150    9.833074    9.841537
1151    9.841537    9.850000
1152    9.850000    9.858464
1153    9.858464    9.866928
1154    9.866928    9.875391
1155    9.875391    9.883855
1156    9.883855    9.892319
1157    9.892319    9.900782
1158    9.900782    9.909245
1159    9.909245    9.917709
1160    9.917709    9.926172
1161    9.926172    9.934636
1162    9.934636    9.943100
1163    9.943100    9.951563
1164    9.951563    9.960027
1165    9.960027    9.968491
1166    9.968491    9.976954
1167    9.976954    9.985417
1168    9.985417    9.993881
1169    9.993881    10.002344
1170    10.002344    10.010808
1171    10.010808    10.019272
1172    10.019272    10.027735
1173    10.027735    10.036199
1174    10.036199    10.044662
1175    10.044662    10.053125
1176    10.053125    10.061589
1177    10.061589    10.070053
1178    10.070053    10.078516
1179    10.078516    10.086980
1180    10.086980    10.095444
1181    10.095444    10.103907
1182    10.103907    10.112370
1183    10.112370    10.120834
1184    10.120834    10.129297
1185    10.129297    10.137761
1186    10.137761    10.146225
1187    10.146225    10.154688
1188    10.154688    10.163152
1189    10.163152    10.171616
1190    10.171616    10.180079
1191    10.180079    10.188542
1192    10.188542    10.197006
1193    10.197006    10.205469
1194    10.205469    10.213933
1195    10.213933    10.222397
1196    10.222397    10.230860
1197    10.230860    10.239324
1198    10.239324    10.247787
1199    10.247787    10.256250
1200    10.256250    10.264714
1201    10.264714    10.273178
1202    10.273178    10.281641
1203    10.281641    10.290105
1204    10.290105    10.298569
1205    10.298569    10.307032
1206    10.307032    10.315495
1207    10.315495    10.323959
1208    10.323959    10.332422
1209    10.332422    10.340886
1210    10.340886    10.349350
1211    10.349350    10.357813
1212    10.357813    10.366277
1213    10.366277    10.374741
1214    10.374741    10.383204
1215    10.383204    10.391667
1216    10.391667    10.400131
1217    10.400131    10.408594
1218    10.408594    10.417058
1219    10.417058    10.425522
1220    10.425522    10.433985
1221    10.433985    10.442449
1222    10.442449    10.450912
1223    10.450912    10.459375
1224    10.459375    10.467839
1225    10.467839    10.476303
1226    10.476303    10.484766
1227    10.484766    10.493230
1228    10.493230    10.501694
1229    10.501694    10.510157
1230    10.510157    10.518620
1231    10.518620    10.527084
1232    10.527084    10.535547
1233    10.535547    10.544011
1234    10.544011    10.552475
1235    10.552475    10.560938
1236    10.560938    10.569402
1237    10.569402    10.577866
1238    10.577866    10.586329
1239    10.586329    10.594792
1240    10.594792    10.603256
1241    10.603256    10.611719
1242    10.611719    10.620183
1243    10.620183    10.628647
1244    10.628647    10.637110
1245    10.637110    10.645574
1246    10.645574    10.654037
1247    10.654037    10.662500
1248    10.662500    10.670964
1249    10.670964    10.679428
1250    10.679428    10.687891
1251    10.687891    10.696355
1252    10.696355    10.704819
1253    10.704819    10.713282
1254    10.713282    10.721745
1255    10.721745    10.730209
1256    10.730209    10.738672
1257    10.738672    10.747136
1258    10.747136    10.755600
1259    10.755600    10.764063
1260    10.764063    10.772527
1261    10.772527    10.780991
1262    10.780991    10.789454
1263    10.789454    10.797917
1264    10.797917    10.806381
1265    10.806381    10.814844
1266    10.814844    10.823308
1267    10.823308    10.831772
1268    10.831772    10.840235
1269    10.840235    10.848699
1270    10.848699    10.857162
1271    10.857162    10.865625
1272    10.865625    10.874089
1273    10.874089    10.882553
1274    10.882553    10.891016
1275    10.891016    10.899480
1276    10.899480    10.907944
1277    10.907944    10.916407
1278    10.916407    10.924870
1279    10.924870    10.933334
1280    10.933334    10.941797
1281    10.941797    10.950261
1282    10.950261    10.958725
1283    10.958725    10.967188
1284    10.967188    10.975652
1285    10.975652    10.984116
1286    10.984116    10.992579
1287    10.992579    11.001042
1288    11.001042    11.009506
1289    11.009506    11.017969
1290    11.017969    11.026433
1291    11.026433    11.034897
1292    11.034897    11.043360
1293    11.043360    11.051824
1294    11.051824    11.060287
1295    11.060287    11.068750
1296    11.068750    11.077214
1297    11.077214    11.085678
1298    11.085678    11.094141
1299    11.094141    11.102605
1300    11.102605    11.111069
1301    11.111069    11.119532
1302    11.119532    11.127995
1303    11.127995    11.136459
1304    11.136459    11.144922
1305    11.144922    11.153386
1306    11.153386    11.161850
1307    11.161850    11.170313
1308    11.170313    11.178777
1309    11.178777    11.187241
1310    11.187241    11.195704
1311    11.195704    11.204167
1312    11.204167    11.212631
1313    11.212631    11.221094
1314    11.221094    11.229558
1315    11.229558    11.238022
1316    11.238022    11.246485
1317    11.246485    11.254949
1318    11.254949    11.263412
1319    11.263412    11.271875
1320    11.271875    11.280339
1321    11.280339    11.288803
1322    11.288803    11.297266
1323    11.297266    11.305730
1324    11.305730    11.314194
1325    11.314194    11.322657
1326    11.322657    11.331120
1327    11.331120    11.339584
1328    11.339584    11.348047
1329    11.348047    11.356511
1330    11.356511    11.364975
1331    11.364975    11.373438
1332    11.373438    11.381902
1333    11.381902    11.390366
1334    11.390366    11.398829
1335    11.398829    11.407292
1336    11.407292    11.415756
1337    11.415756    11.424219
1338    11.424219    11.432683
1339    11.432683    11.441147
1340    11.441147    11.449610
1341    11.449610    11.458074
1342    11.458074    11.466537
1343    11.466537    11.475000
1344    11.475000    11.483464
1345    11.483464    11.491928
1346    11.491928    11.500391
1347    11.500391    11.508855
1348    11.508855    11.517319
1349    11.517319    11.525782
1350    11.525782    11.534245
1351    11.534245    11.542709
1352    11.542709    11.551172
1353    11.551172    11.559636
1354    11.559636    11.568100
1355    11.568100    11.576563
1356    11.576563    11.585027
1357    11.585027    11.593491
1358    11.593491    11.601954
1359    11.601954    11.610417
1360    11.610417    11.618881
1361    11.618881    11.627344
1362    11.627344    11.635808
1363    11.635808    11.644272
1364    11.644272    11.652735
1365    11.652735    11.661199
1366    11.661199    11.669662
1367    11.669662    11.678125
1368    11.678125    11.686589
1369    11.686589    11.695053
1370    11.695053    11.703516
1371    11.703516    11.711980
1372    11.711980    11.720444
1373    11.720444    11.728907
1374    11.728907    11.737370
1375    11.737370    11.745834
1376    11.745834    11.754297
1377    11.754297    11.762761
1378    11.762761    11.771225
1379    11.771225    11.779688
1380    11.779688    11.788152
1381    11.788152    11.796616
1382    11.796616    11.805079
1383    11.805079    11.813542
1384    11.813542    11.822006
1385    11.822006    11.830469
1386    11.830469    11.838933
1387    11.838933    11.847397
1388    11.847397    11.855860
1389    11.855860    11.864324
1390    11.864324    11.872787
1391    11.872787    11.881250
1392    11.881250    11.889714
1393    11.889714    11.898178
1394    11.898178    11.906641
1395    11.906641    11.915105
1396    11.915105    11.923569
1397    11.923569    11.932032
1398    11.932032    11.940495
1399    11.940495    11.948959
1400    11.948959    11.957422
1401    11.957422    11.965886
1402    11.965886    11.974350
1403    11.974350    11.982813
1404    11.982813    11.991277
1405    11.991277    11.999741
1406    11.999741    12.008204
1407    12.008204    12.016667
1408    12.016667    12.025131
1409    12.025131    12.033594
1410    12.033594    12.042058
1411    12.042058    12.050522
1412    12.050522    12.058985
1413    12.058985    12.067449
1414    12.067449    12.075912
1415    12.075912    12.084375
1416    12.084375    12.092839
1417    12.092839    12.101303
1418    12.101303    12.109766
1419    12.109766    12.118230
1420    12.118230    12.126694
1421    12.126694    12.135157
1422    12.135157    12.143620
1423    12.143620    12.152084
1424    12.152084    12.160547
1425    12.160547    12.169011
1426    12.169011    12.177475
1427    12.177475    12.185938
1428    12.185938    12.194402
1429    12.194402    12.202866
1430    12.202866    12.211329
1431    12.211329    12.219792
1432    12.219792    12.228256
1433    12.228256    12.236719
1434    12.236719    12.245183
1435    12.245183    12.253647
1436    12.253647    12.262110
1437    12.262110    12.270574
1438    12.270574    12.279037
1439    12.279037    12.287500
1440    12.287500    12.295964
1441    12.295964    12.304428
1442    12.304428    12.312891
1443    12.312891    12.321355
1444    12.321355    12.329819
1445    12.329819    12.338282
1446    12.338282    12.346745
1447    12.346745    12.355209
1448    12.355209    12.363672
1449    12.363672    12.372136
1450    12.372136    12.380600
1451    12.380600    12.389063
1452    12.389063    12.397527
1453    12.397527    12.405991
1454    12.405991    12.414454
1455    12.414454    12.422917
1456    12.422917    12.431381
1457    12.431381    12.439844
1458    12.439844    12.448308
1459    12.448308    12.456772
1460    12.456772    12.465235
1461    12.465235    12.473699
1462    12.473699    12.482162
1463    12.482162    12.490625
1464    12.490625    12.499089
1465    12.499089    12.507553
1466    12.507553    12.516016
1467    12.516016    12.524480
1468    12.524480    12.532944
1469    12.532944    12.541407
1470    12.541407    12.549870
1471    12.549870    12.558334
1472    12.558334    12.566797
1473    12.566797    12.575261
1474    12.575261    12.583725
1475    12.583725    12.592188
1476    12.592188    12.600652
1477    12.600652    12.609116
1478    12.609116    12.617579
1479    12.617579    12.626042
1480    12.626042    12.634506
1481    12.634506    12.642969
1482    12.642969    12.651433
1483    12.651433    12.659897
1484    12.659897    12.668360
1485    12.668360    12.676824
1486    12.676824    12.685287
1487    12.685287    12.693750
1488    12.693750    12.702214
1489    12.702214    12.710678
1490    12.710678    12.719141
1491    12.719141    12.727605
1492    12.727605    12.736069
1493    12.736069    12.744532
1494    12.744532    12.752995
1495    12.752995    12.761459
1496    12.761459    12.769922
1497    12.769922    12.778386
1498    12.778386    12.786850
1499    12.786850    12.795313
1500    12.795313    12.803777
1501    12.803777    12.812241
1502    12.812241    12.820704
1503    12.820704    12.829167
1504    12.829167    12.837631
1505    12.837631    12.846094
1506    12.846094    12.854558
1507    12.854558    12.863022
1508    12.863022    12.871485
1509    12.871485    12.879949
1510    12.879949    12.888412
1511    12.888412    12.896875
1512    12.896875    12.905339
1513    12.905339    12.913803
1514    12.913803    12.922266
1515    12.922266    12.930730
1516    12.930730    12.939194
1517    12.939194    12.947657
1518    12.947657    12.956120
1519    12.956120    12.964584
1520    12.964584    12.973047
1521    12.973047    12.981511
1522    12.981511    12.989975
1523    12.989975    12.998438
1524    12.998438    13.006902
1525    13.006902    13.015366
1526    13.015366    13.023829
1527    13.023829    13.032292
1528    13.032292    13.040756
1529    13.040756    13.049219
1530    13.049219    13.057683
1531    13.057683    13.066147
1532    13.066147    13.074610
1533    13.074610    13.083074
1534    13.083074    13.091537
1535    13.091537    13.100000
