0    3.000000    3.058594
1    3.058594    3.117188
2    3.117188    3.175781
3    3.175781    3.234375
4    3.234375    3.292969
5    3.292969    3.351562
6    3.351562    3.410156
7    3.410156    3.468750
8    3.468750    3.527344
9    3.527344    3.585938
10    3.585938    3.644531
11    3.644531    3.703125
12    3.703125    3.761719
13    3.761719    3.820312
14    3.820312    3.878906
15    3.878906    3.937500
16    3.937500    3.996094
17    3.996094    4.054688
18    4.054688    4.113281
19    4.113281    4.171875
20    4.171875    4.230469
21    4.230469    4.289062
22    4.289062    4.347656
23    4.347656    4.406250
24    4.406250    4.464844
25    4.464844    4.523438
26    4.523438    4.582031
27    4.582031    4.640625
28    4.640625    4.699219
29    4.699219    4.757812
30    4.757812    4.816406
31    4.816406    4.875000
32    4.875000    4.933594
33    4.933594    4.992188
34    4.992188    5.050781
35    5.050781    5.109375
36    5.109375    5.167969
37    5.167969    5.226562
38    5.226562    5.285156
39    5.285156    5.343750
40    5.343750    5.402344
41    5.402344    5.460938
42    5.460938    5.519531
43    5.519531    5.578125
44    5.578125    5.636719
45    5.636719    5.695312
46    5.695312    5.753906
47    5.753906    5.812500
48    5.812500    5.871094
49    5.871094    5.929688
50    5.929688    5.988281
51    5.988281    6.046875
52    6.046875    6.105469
53    6.105469    6.164062
54    6.164062    6.222656
55    6.222656    6.281250
56    6.281250    6.339844
57    6.339844    6.398438
58    6.398438    6.457031
59    6.457031    6.515625
60    6.515625    6.574219
61    6.574219    6.632812
62    6.632812    6.691406
63    6.691406    6.750000
64    6.750000    6.808594
65    6.808594    6.867188
66    6.867188    6.925781
67    6.925781    6.984375
68    6.984375    7.042969
69    7.042969    7.101562
70    7.101562    7.160156
71    7.160156    7.218750
72    7.218750    7.277344
73    7.277344    7.335938
74    7.335938    7.394531
75    7.394531    7.453125
76    7.453125    7.511719
77    7.511719    7.570312
78    7.570312    7.628906
79    7.628906    7.687500
80    7.687500    7.746094
81    7.746094    7.804688
82    7.804688    7.863281
83    7.863281    7.921875
84    7.921875    7.980469
85    7.980469    8.039062
86    8.039062    8.097656
87    8.097656    8.156250
88    8.156250    8.214844
89    8.214844    8.273438
90    8.273438    8.332031
91    8.332031    8.390625
92    8.390625    8.449219
93    8.449219    8.507812
94    8.507812    8.566406
95    8.566406    8.625000
96    8.625000    8.683594
97    8.683594    8.742188
98    8.742188    8.800781
99    8.800781    8.859375
100    8.859375    8.917969
101    8.917969    8.976562
102    8.976562    9.035156
103    9.035156    9.093750
104    9.093750    9.152344
105    9.152344    9.210938
106    9.210938    9.269531
107    9.269531    9.328125
108    9.328125    9.386719
109    9.386719    9.445312
110    9.445312    9.503906
111    9.503906    9.562500
112    9.562500    9.621094
113    9.621094    9.679688
114    9.679688    9.738281
115    9.738281    9.796875
116    9.796875    9.855469
117    9.855469    9.914062
118    9.914062    9.972656
119    9.972656    10.031250
120    10.031250    10.089844
121    10.089844    10.148438
122    10.148438    10.207031
123    10.207031    10.265625
124    10.265625    10.324219
125    10.324219    10.382812
126    10.382812    10.441406
127    10.441406    10.500000
128    10.500000    10.558594
129    10.558594    10.617188
130    10.617188    10.675781
131    10.675781    10.734375
132    10.734375    10.792969
133    10.792969    10.851562
134    10.851562    10.910156
135    10.910156    10.968750
136    10.968750    11.027344
137    11.027344    11.085938
138    11.085938    11.144531
139    11.144531    11.203125
140    11.203125    11.261719
141    11.261719    11.320312
142    11.320312    11.378906
143    11.378906    11.437500
144    11.437500    11.496094
145    11.496094    11.554688
146    11.554688    11.613281
147    11.613281    11.671875
148    11.671875    11.730469
149    11.730469    11.789062
150    11.789062    11.847656
151    11.847656    11.906250
152    11.906250    11.964844
153    11.964844    12.023438
154    12.023438    12.082031
155    12.082031    12.140625
156    12.140625    12.199219
157    12.199219    12.257812
158    12.257812    12.316406
159    12.316406    12.375000
160    12.375000    12.433594
161    12.433594    12.492188
162    12.492188    12.550781
163    12.550781    12.609375
164    12.609375    12.667969
165    12.667969    12.726562
166    12.726562    12.785156
167    12.785156    12.843750
168    12.843750    12.902344
169    12.902344    12.960938
170    12.960938    13.019531
171    13.019531    13.078125
172    13.078125    13.136719
173    13.136719    13.195312
174    13.195312    13.253906
175    13.253906    13.312500
176    13.312500    13.371094
177    13.371094    13.429688
178    13.429688    13.488281
179    13.488281    13.546875
180    13.546875    13.605469
181    13.605469    13.664062
182    13.664062    13.722656
183    13.722656    13.781250
184    13.781250    13.839844
185    13.839844    13.898438
186    13.898438    13.957031
187    13.957031    14.015625
188    14.015625    14.074219
189    14.074219    14.132812
190    14.132812    14.191406
191    14.191406    14.250000
192    14.250000    14.308594
193    14.308594    14.367188
194    14.367188    14.425781
195    14.425781    14.484375
196    14.484375    14.542969
197    14.542969    14.601562
198    14.601562    14.660156
199    14.660156    14.718750
200    14.718750    14.777344
201    14.777344    14.835938
202    14.835938    14.894531
203    14.894531    14.953125
204    14.953125    15.011719
205    15.011719    15.070312
206    15.070312    15.128906
207    15.128906    15.187500
208    15.187500    15.246094
209    15.246094    15.304688
210    15.304688    15.363281
211    15.363281    15.421875
212    15.421875    15.480469
213    15.480469    15.539062
214    15.539062    15.597656
215    15.597656    15.656250
216    15.656250    15.714844
217    15.714844    15.773438
218    15.773438    15.832031
219    15.832031    15.890625
220    15.890625    15.949219
221    15.949219    16.007812
222    16.007812    16.066406
223    16.066406    16.125000
224    16.125000    16.183594
225    16.183594    16.242188
226    16.242188    16.300781
227    16.300781    16.359375
228    16.359375    16.417969
229    16.417969    16.476562
230    16.476562    16.535156
231    16.535156    16.593750
232    16.593750    16.652344
233    16.652344    16.710938
234    16.710938    16.769531
235    16.769531    16.828125
236    16.828125    16.886719
237    16.886719    16.945312
238    16.945312    17.003906
239    17.003906    17.062500
240    17.062500    17.121094
241    17.121094    17.179688
242    17.179688    17.238281
243    17.238281    17.296875
244    17.296875    17.355469
245    17.355469    17.414062
246    17.414062    17.472656
247    17.472656    17.531250
248    17.531250    17.589844
249    17.589844    17.648438
250    17.648438    17.707031
251    17.707031    17.765625
252    17.765625    17.824219
253    17.824219    17.882812
254    17.882812    17.941406
255    17.941406    18.000000
256    18.000000    18.058594
257    18.058594    18.117188
258    18.117188    18.175781
259    18.175781    18.234375
260    18.234375    18.292969
261    18.292969    18.351562
262    18.351562    18.410156
263    18.410156    18.468750
264    18.468750    18.527344
265    18.527344    18.585938
266    18.585938    18.644531
267    18.644531    18.703125
268    18.703125    18.761719
269    18.761719    18.820312
270    18.820312    18.878906
271    18.878906    18.937500
272    18.937500    18.996094
273    18.996094    19.054688
274    19.054688    19.113281
275    19.113281    19.171875
276    19.171875    19.230469
277    19.230469    19.289062
278    19.289062    19.347656
279    19.347656    19.406250
280    19.406250    19.464844
281    19.464844    19.523438
282    19.523438    19.582031
283    19.582031    19.640625
284    19.640625    19.699219
285    19.699219    19.757812
286    19.757812    19.816406
287    19.816406    19.875000
288    19.875000    19.933594
289    19.933594    19.992188
290    19.992188    20.050781
291    20.050781    20.109375
292    20.109375    20.167969
293    20.167969    20.226562
294    20.226562    20.285156
295    20.285156    20.343750
296    20.343750    20.402344
297    20.402344    20.460938
298    20.460938    20.519531
299    20.519531    20.578125
300    20.578125    20.636719
301    20.636719    20.695312
302    20.695312    20.753906
303    20.753906    20.812500
304    20.812500    20.871094
305    20.871094    20.929688
306    20.929688    20.988281
307    20.988281    21.046875
308    21.046875    21.105469
309    21.105469    21.164062
310    21.164062    21.222656
311    21.222656    21.281250
312    21.281250    21.339844
313    21.339844    21.398438
314    21.398438    21.457031
315    21.457031    21.515625
316    21.515625    21.574219
317    21.574219    21.632812
318    21.632812    21.691406
319    21.691406    21.750000
320    21.750000    21.808594
321    21.808594    21.867188
322    21.867188    21.925781
323    21.925781    21.984375
324    21.984375    22.042969
325    22.042969    22.101562
326    22.101562    22.160156
327    22.160156    22.218750
328    22.218750    22.277344
329    22.277344    22.335938
330    22.335938    22.394531
331    22.394531    22.453125
332    22.453125    22.511719
333    22.511719    22.570312
334    22.570312    22.628906
335    22.628906    22.687500
336    22.687500    22.746094
337    22.746094    22.804688
338    22.804688    22.863281
339    22.863281    22.921875
340    22.921875    22.980469
341    22.980469    23.039062
342    23.039062    23.097656
343    23.097656    23.156250
344    23.156250    23.214844
345    23.214844    23.273438
346    23.273438    23.332031
347    23.332031    23.390625
348    23.390625    23.449219
349    23.449219    23.507812
350    23.507812    23.566406
351    23.566406    23.625000
352    23.625000    23.683594
353    23.683594    23.742188
354    23.742188    23.800781
355    23.800781    23.859375
356    23.859375    23.917969
357    23.917969    23.976562
358    23.976562    24.035156
359    24.035156    24.093750
360    24.093750    24.152344
361    24.152344    24.210938
362    24.210938    24.269531
363    24.269531    24.328125
364    24.328125    24.386719
365    24.386719    24.445312
366    24.445312    24.503906
367    24.503906    24.562500
368    24.562500    24.621094
369    24.621094    24.679688
370    24.679688    24.738281
371    24.738281    24.796875
372    24.796875    24.855469
373    24.855469    24.914062
374    24.914062    24.972656
375    24.972656    25.031250
376    25.031250    25.089844
377    25.089844    25.148438
378    25.148438    25.207031
379    25.207031    25.265625
380    25.265625    25.324219
381    25.324219    25.382812
382    25.382812    25.441406
383    25.441406    25.500000
384    25.500000    25.558594
385    25.558594    25.617188
386    25.617188    25.675781
387    25.675781    25.734375
388    25.734375    25.792969
389    25.792969    25.851562
390    25.851562    25.910156
391    25.910156    25.968750
392    25.968750    26.027344
393    26.027344    26.085938
394    26.085938    26.144531
395    26.144531    26.203125
396    26.203125    26.261719
397    26.261719    26.320312
398    26.320312    26.378906
399    26.378906    26.437500
400    26.437500    26.496094
401    26.496094    26.554688
402    26.554688    26.613281
403    26.613281    26.671875
404    26.671875    26.730469
405    26.730469    26.789062
406    26.789062    26.847656
407    26.847656    26.906250
408    26.906250    26.964844
409    26.964844    27.023438
410    27.023438    27.082031
411    27.082031    27.140625
412    27.140625    27.199219
413    27.199219    27.257812
414    27.257812    27.316406
415    27.316406    27.375000
416    27.375000    27.433594
417    27.433594    27.492188
418    27.492188    27.550781
419    27.550781    27.609375
420    27.609375    27.667969
421    27.667969    27.726562
422    27.726562    27.785156
423    27.785156    27.843750
424    27.843750    27.902344
425    27.902344    27.960938
426    27.960938    28.019531
427    28.019531    28.078125
428    28.078125    28.136719
429    28.136719    28.195312
430    28.195312    28.253906
431    28.253906    28.312500
432    28.312500    28.371094
433    28.371094    28.429688
434    28.429688    28.488281
435    28.488281    28.546875
436    28.546875    28.605469
437    28.605469    28.664062
438    28.664062    28.722656
439    28.722656    28.781250
440    28.781250    28.839844
441    28.839844    28.898438
442    28.898438    28.957031
443    28.957031    29.015625
444    29.015625    29.074219
445    29.074219    29.132812
446    29.132812    29.191406
447    29.191406    29.250000
448    29.250000    29.308594
449    29.308594    29.367188
450    29.367188    29.425781
451    29.425781    29.484375
452    29.484375    29.542969
453    29.542969    29.601562
454    29.601562    29.660156
455    29.660156    29.718750
456    29.718750    29.777344
457    29.777344    29.835938
458    29.835938    29.894531
459    29.894531    29.953125
460    29.953125    30.011719
461    30.011719    30.070312
462    30.070312    30.128906
463    30.128906    30.187500
464    30.187500    30.246094
465    30.246094    30.304688
466    30.304688    30.363281
467    30.363281    30.421875
468    30.421875    30.480469
469    30.480469    30.539062
470    30.539062    30.597656
471    30.597656    30.656250
472    30.656250    30.714844
473    30.714844    30.773438
474    30.773438    30.832031
475    30.832031    30.890625
476    30.890625    30.949219
477    30.949219    31.007812
478    31.007812    31.066406
479    31.066406    31.125000
480    31.125000    31.183594
481    31.183594    31.242188
482    31.242188    31.300781
483    31.300781    31.359375
484    31.359375    31.417969
485    31.417969    31.476562
486    31.476562    31.535156
487    31.535156    31.593750
488    31.593750    31.652344
489    31.652344    31.710938
490    31.710938    31.769531
491    31.769531    31.828125
492    31.828125    31.886719
493    31.886719    31.945312
494    31.945312    32.003906
495    32.003906    32.062500
496    32.062500    32.121094
497    32.121094    32.179688
498    32.179688    32.238281
499    32.238281    32.296875
500    32.296875    32.355469
501    32.355469    32.414062
502    32.414062    32.472656
503    32.472656    32.531250
504    32.531250    32.589844
505    32.589844    32.648438
506    32.648438    32.707031
507    32.707031    32.765625
508    32.765625    32.824219
509    32.824219    32.882812
510    32.882812    32.941406
511    32.941406    33.000000
512    33.000000    33.058594
513    33.058594    33.117188
514    33.117188    33.175781
515    33.175781    33.234375
516    33.234375    33.292969
517    33.292969    33.351562
518    33.351562    33.410156
519    33.410156    33.468750
520    33.468750    33.527344
521    33.527344    33.585938
522    33.585938    33.644531
523    33.644531    33.703125
524    33.703125    33.761719
525    33.761719    33.820312
526    33.820312    33.878906
527    33.878906    33.937500
528    33.937500    33.996094
529    33.996094    34.054688
530    34.054688    34.113281
531    34.113281    34.171875
532    34.171875    34.230469
533    34.230469    34.289062
534    34.289062    34.347656
535    34.347656    34.406250
536    34.406250    34.464844
537    34.464844    34.523438
538    34.523438    34.582031
539    34.582031    34.640625
540    34.640625    34.699219
541    34.699219    34.757812
542    34.757812    34.816406
543    34.816406    34.875000
544    34.875000    34.933594
545    34.933594    34.992188
546    34.992188    35.050781
547    35.050781    35.109375
548    35.109375    35.167969
549    35.167969    35.226562
550    35.226562    35.285156
551    35.285156    35.343750
552    35.343750    35.402344
553    35.402344    35.460938
554    35.460938    35.519531
555    35.519531    35.578125
556    35.578125    35.636719
557    35.636719    35.695312
558    35.695312    35.753906
559    35.753906    35.812500
560    35.812500    35.871094
561    35.871094    35.929688
562    35.929688    35.988281
563    35.988281    36.046875
564    36.046875    36.105469
565    36.105469    36.164062
566    36.164062    36.222656
567    36.222656    36.281250
568    36.281250    36.339844
569    36.339844    36.398438
570    36.398438    36.457031
571    36.457031    36.515625
572    36.515625    36.574219
573    36.574219    36.632812
574    36.632812    36.691406
575    36.691406    36.750000
576    36.750000    36.808594
577    36.808594    36.867188
578    36.867188    36.925781
579    36.925781    36.984375
580    36.984375    37.042969
581    37.042969    37.101562
582    37.101562    37.160156
583    37.160156    37.218750
584    37.218750    37.277344
585    37.277344    37.335938
586    37.335938    37.394531
587    37.394531    37.453125
588    37.453125    37.511719
589    37.511719    37.570312
590    37.570312    37.628906
591    37.628906    37.687500
592    37.687500    37.746094
593    37.746094    37.804688
594    37.804688    37.863281
595    37.863281    37.921875
596    37.921875    37.980469
597    37.980469    38.039062
598    38.039062    38.097656
599    38.097656    38.156250
600    38.156250    38.214844
601    38.214844    38.273438
602    38.273438    38.332031
603    38.332031    38.390625
604    38.390625    38.449219
605    38.449219    38.507812
606    38.507812    38.566406
607    38.566406    38.625000
608    38.625000    38.683594
609    38.683594    38.742188
610    38.742188    38.800781
611    38.800781    38.859375
612    38.859375    38.917969
613    38.917969    38.976562
614    38.976562    39.035156
615    39.035156    39.093750
616    39.093750    39.152344
617    39.152344    39.210938
618    39.210938    39.269531
619    39.269531    39.328125
620    39.328125    39.386719
621    39.386719    39.445312
622    39.445312    39.503906
623    39.503906    39.562500
624    39.562500    39.621094
625    39.621094    39.679688
626    39.679688    39.738281
627    39.738281    39.796875
628    39.796875    39.855469
629    39.855469    39.914062
630    39.914062    39.972656
631    39.972656    40.031250
632    40.031250    40.089844
633    40.089844    40.148438
634    40.148438    40.207031
635    40.207031    40.265625
636    40.265625    40.324219
637    40.324219    40.382812
638    40.382812    40.441406
639    40.441406    40.500000
640    40.500000    40.558594
641    40.558594    40.617188
642    40.617188    40.675781
643    40.675781    40.734375
644    40.734375    40.792969
645    40.792969    40.851562
646    40.851562    40.910156
647    40.910156    40.968750
648    40.968750    41.027344
649    41.027344    41.085938
650    41.085938    41.144531
651    41.144531    41.203125
652    41.203125    41.261719
653    41.261719    41.320312
654    41.320312    41.378906
655    41.378906    41.437500
656    41.437500    41.496094
657    41.496094    41.554688
658    41.554688    41.613281
659    41.613281    41.671875
660    41.671875    41.730469
661    41.730469    41.789062
662    41.789062    41.847656
663    41.847656    41.906250
664    41.906250    41.964844
665    41.964844    42.023438
666    42.023438    42.082031
667    42.082031    42.140625
668    42.140625    42.199219
669    42.199219    42.257812
670    42.257812    42.316406
671    42.316406    42.375000
672    42.375000    42.433594
673    42.433594    42.492188
674    42.492188    42.550781
675    42.550781    42.609375
676    42.609375    42.667969
677    42.667969    42.726562
678    42.726562    42.785156
679    42.785156    42.843750
680    42.843750    42.902344
681    42.902344    42.960938
682    42.960938    43.019531
683    43.019531    43.078125
684    43.078125    43.136719
685    43.136719    43.195312
686    43.195312    43.253906
687    43.253906    43.312500
688    43.312500    43.371094
689    43.371094    43.429688
690    43.429688    43.488281
691    43.488281    43.546875
692    43.546875    43.605469
693    43.605469    43.664062
694    43.664062    43.722656
695    43.722656    43.781250
696    43.781250    43.839844
697    43.839844    43.898438
698    43.898438    43.957031
699    43.957031    44.015625
700    44.015625    44.074219
701    44.074219    44.132812
702    44.132812    44.191406
703    44.191406    44.250000
704    44.250000    44.308594
705    44.308594    44.367188
706    44.367188    44.425781
707    44.425781    44.484375
708    44.484375    44.542969
709    44.542969    44.601562
710    44.601562    44.660156
711    44.660156    44.718750
712    44.718750    44.777344
713    44.777344    44.835938
714    44.835938    44.894531
715    44.894531    44.953125
716    44.953125    45.011719
717    45.011719    45.070312
718    45.070312    45.128906
719    45.128906    45.187500
720    45.187500    45.246094
721    45.246094    45.304688
722    45.304688    45.363281
723    45.363281    45.421875
724    45.421875    45.480469
725    45.480469    45.539062
726    45.539062    45.597656
727    45.597656    45.656250
728    45.656250    45.714844
729    45.714844    45.773438
730    45.773438    45.832031
731    45.832031    45.890625
732    45.890625    45.949219
733    45.949219    46.007812
734    46.007812    46.066406
735    46.066406    46.125000
736    46.125000    46.183594
737    46.183594    46.242188
738    46.242188    46.300781
739    46.300781    46.359375
740    46.359375    46.417969
741    46.417969    46.476562
742    46.476562    46.535156
743    46.535156    46.593750
744    46.593750    46.652344
745    46.652344    46.710938
746    46.710938    46.769531
747    46.769531    46.828125
748    46.828125    46.886719
749    46.886719    46.945312
750    46.945312    47.003906
751    47.003906    47.062500
752    47.062500    47.121094
753    47.121094    47.179688
754    47.179688    47.238281
755    47.238281    47.296875
756    47.296875    47.355469
757    47.355469    47.414062
758    47.414062    47.472656
759    47.472656    47.531250
760    47.531250    47.589844
761    47.589844    47.648438
762    47.648438    47.707031
763    47.707031    47.765625
764    47.765625    47.824219
765    47.824219    47.882812
766    47.882812    47.941406
767    47.941406    48.000000
768    48.000000    48.058594
769    48.058594    48.117188
770    48.117188    48.175781
771    48.175781    48.234375
772    48.234375    48.292969
773    48.292969    48.351562
774    48.351562    48.410156
775    48.410156    48.468750
776    48.468750    48.527344
777    48.527344    48.585938
778    48.585938    48.644531
779    48.644531    48.703125
780    48.703125    48.761719
781    48.761719    48.820312
782    48.820312    48.878906
783    48.878906    48.937500
784    48.937500    48.996094
785    48.996094    49.054688
786    49.054688    49.113281
787    49.113281    49.171875
788    49.171875    49.230469
789    49.230469    49.289062
790    49.289062    49.347656
791    49.347656    49.406250
792    49.406250    49.464844
793    49.464844    49.523438
794    49.523438    49.582031
795    49.582031    49.640625
796    49.640625    49.699219
797    49.699219    49.757812
798    49.757812    49.816406
799    49.816406    49.875000
800    49.875000    49.933594
801    49.933594    49.992188
802    49.992188    50.050781
803    50.050781    50.109375
804    50.109375    50.167969
805    50.167969    50.226562
806    50.226562    50.285156
807    50.285156    50.343750
808    50.343750    50.402344
809    50.402344    50.460938
810    50.460938    50.519531
811    50.519531    50.578125
812    50.578125    50.636719
813    50.636719    50.695312
814    50.695312    50.753906
815    50.753906    50.812500
816    50.812500    50.871094
817    50.871094    50.929688
818    50.929688    50.988281
819    50.988281    51.046875
820    51.046875    51.105469
821    51.105469    51.164062
822    51.164062    51.222656
823    51.222656    51.281250
824    51.281250    51.339844
825    51.339844    51.398438
826    51.398438    51.457031
827    51.457031    51.515625
828    51.515625    51.574219
829    51.574219    51.632812
830    51.632812    51.691406
831    51.691406    51.750000
832    51.750000    51.808594
833    51.808594    51.867188
834    51.867188    51.925781
835    51.925781    51.984375
836    51.984375    52.042969
837    52.042969    52.101562
838    52.101562    52.160156
839    52.160156    52.218750
840    52.218750    52.277344
841    52.277344    52.335938
842    52.335938    52.394531
843    52.394531    52.453125
844    52.453125    52.511719
845    52.511719    52.570312
846    52.570312    52.628906
847    52.628906    52.687500
848    52.687500    52.746094
849    52.746094    52.804688
850    52.804688    52.863281
851    52.863281    52.921875
852    52.921875    52.980469
853    52.980469    53.039062
854    53.039062    53.097656
855    53.097656    53.156250
856    53.156250    53.214844
857    53.214844    53.273438
858    53.273438    53.332031
859    53.332031    53.390625
860    53.390625    53.449219
861    53.449219    53.507812
862    53.507812    53.566406
863    53.566406    53.625000
864    53.625000    53.683594
865    53.683594    53.742188
866    53.742188    53.800781
867    53.800781    53.859375
868    53.859375    53.917969
869    53.917969    53.976562
870    53.976562    54.035156
871    54.035156    54.093750
872    54.093750    54.152344
873    54.152344    54.210938
874    54.210938    54.269531
875    54.269531    54.328125
876    54.328125    54.386719
877    54.386719    54.445312
878    54.445312    54.503906
879    54.503906    54.562500
880    54.562500    54.621094
881    54.621094    54.679688
882    54.679688    54.738281
883    54.738281    54.796875
884    54.796875    54.855469
885    54.855469    54.914062
886    54.914062    54.972656
887    54.972656    55.031250
888    55.031250    55.089844
889    55.089844    55.148438
890    55.148438    55.207031
891    55.207031    55.265625
892    55.265625    55.324219
893    55.324219    55.382812
894    55.382812    55.441406
895    55.441406    55.500000
896    55.500000    55.558594
897    55.558594    55.617188
898    55.617188    55.675781
899    55.675781    55.734375
900    55.734375    55.792969
901    55.792969    55.851562
902    55.851562    55.910156
903    55.910156    55.968750
904    55.968750    56.027344
905    56.027344    56.085938
906    56.085938    56.144531
907    56.144531    56.203125
908    56.203125    56.261719
909    56.261719    56.320312
910    56.320312    56.378906
911    56.378906    56.437500
912    56.437500    56.496094
913    56.496094    56.554688
914    56.554688    56.613281
915    56.613281    56.671875
916    56.671875    56.730469
917    56.730469    56.789062
918    56.789062    56.847656
919    56.847656    56.906250
920    56.906250    56.964844
921    56.964844    57.023438
922    57.023438    57.082031
923    57.082031    57.140625
924    57.140625    57.199219
925    57.199219    57.257812
926    57.257812    57.316406
927    57.316406    57.375000
928    57.375000    57.433594
929    57.433594    57.492188
930    57.492188    57.550781
931    57.550781    57.609375
932    57.609375    57.667969
933    57.667969    57.726562
934    57.726562    57.785156
935    57.785156    57.843750
936    57.843750    57.902344
937    57.902344    57.960938
938    57.960938    58.019531
939    58.019531    58.078125
940    58.078125    58.136719
941    58.136719    58.195312
942    58.195312    58.253906
943    58.253906    58.312500
944    58.312500    58.371094
945    58.371094    58.429688
946    58.429688    58.488281
947    58.488281    58.546875
948    58.546875    58.605469
949    58.605469    58.664062
950    58.664062    58.722656
951    58.722656    58.781250
952    58.781250    58.839844
953    58.839844    58.898438
954    58.898438    58.957031
955    58.957031    59.015625
956    59.015625    59.074219
957    59.074219    59.132812
958    59.132812    59.191406
959    59.191406    59.250000
960    59.250000    59.308594
961    59.308594    59.367188
962    59.367188    59.425781
963    59.425781    59.484375
964    59.484375    59.542969
965    59.542969    59.601562
966    59.601562    59.660156
967    59.660156    59.718750
968    59.718750    59.777344
969    59.777344    59.835938
970    59.835938    59.894531
971    59.894531    59.953125
972    59.953125    60.011719
973    60.011719    60.070312
974    60.070312    60.128906
975    60.128906    60.187500
976    60.187500    60.246094
977    60.246094    60.304688
978    60.304688    60.363281
979    60.363281    60.421875
980    60.421875    60.480469
981    60.480469    60.539062
982    60.539062    60.597656
983    60.597656    60.656250
984    60.656250    60.714844
985    60.714844    60.773438
986    60.773438    60.832031
987    60.832031    60.890625
988    60.890625    60.949219
989    60.949219    61.007812
990    61.007812    61.066406
991    61.066406    61.125000
992    61.125000    61.183594
993    61.183594    61.242188
994    61.242188    61.300781
995    61.300781    61.359375
996    61.359375    61.417969
997    61.417969    61.476562
998    61.476562    61.535156
999    61.535156    61.593750
1000    61.593750    61.652344
1001    61.652344    61.710938
1002    61.710938    61.769531
1003    61.769531    61.828125
1004    61.828125    61.886719
1005    61.886719    61.945312
1006    61.945312    62.003906
1007    62.003906    62.062500
1008    62.062500    62.121094
1009    62.121094    62.179688
1010    62.179688    62.238281
1011    62.238281    62.296875
1012    62.296875    62.355469
1013    62.355469    62.414062
1014    62.414062    62.472656
1015    62.472656    62.531250
1016    62.531250    62.589844
1017    62.589844    62.648438
1018    62.648438    62.707031
1019    62.707031    62.765625
1020    62.765625    62.824219
1021    62.824219    62.882812
1022    62.882812    62.941406
1023    62.941406    63.000000
